1000
1
4
7
10
13
16
19
22
25
28
31
34
37
40
43
46
49
52
55
58
61
64
67
70
73
76
79
82
85
88
91
94
97
100
103
106
109
112
115
118
121
124
127
130
133
136
139
142
145
148
151
154
157
160
163
166
169
172
175
178
181
184
187
190
193
196
199
202
205
208
211
214
217
220
223
226
229
232
235
238
241
244
247
250
253
256
259
262
265
268
271
274
277
280
283
286
289
292
295
298
301
304
307
310
313
316
319
322
325
328
331
334
337
340
343
346
349
352
355
358
361
364
367
370
373
376
379
382
385
388
391
394
397
400
403
406
409
412
415
418
421
424
427
430
433
436
439
442
445
448
451
454
457
460
463
466
469
472
475
478
481
484
487
490
493
496
499
502
505
508
511
514
517
520
523
526
529
532
535
538
541
544
547
550
553
556
559
562
565
568
571
574
577
580
583
586
589
592
595
598
601
604
607
610
613
616
619
622
625
628
631
634
637
640
643
646
649
652
655
658
661
664
667
670
673
676
679
682
685
688
691
694
697
700
703
706
709
712
715
718
721
724
727
730
733
736
739
742
745
748
751
754
757
760
763
766
769
772
775
778
781
784
787
790
793
796
799
802
805
808
811
814
817
820
823
826
829
832
835
838
841
844
847
850
853
856
859
862
865
868
871
874
877
880
883
886
889
892
895
898
901
904
907
910
913
916
919
922
925
928
931
934
937
940
943
946
949
952
955
958
961
964
967
970
973
976
979
982
985
988
991
994
997
1000
1003
1006
1009
1012
1015
1018
1021
1024
1027
1030
1033
1036
1039
1042
1045
1048
1051
1054
1057
1060
1063
1066
1069
1072
1075
1078
1081
1084
1087
1090
1093
1096
1099
1102
1105
1108
1111
1114
1117
1120
1123
1126
1129
1132
1135
1138
1141
1144
1147
1150
1153
1156
1159
1162
1165
1168
1171
1174
1177
1180
1183
1186
1189
1192
1195
1198
1201
1204
1207
1210
1213
1216
1219
1222
1225
1228
1231
1234
1237
1240
1243
1246
1249
1252
1255
1258
1261
1264
1267
1270
1273
1276
1279
1282
1285
1288
1291
1294
1297
1300
1303
1306
1309
1312
1315
1318
1321
1324
1327
1330
1333
1336
1339
1342
1345
1348
1351
1354
1357
1360
1363
1366
1369
1372
1375
1378
1381
1384
1387
1390
1393
1396
1399
1402
1405
1408
1411
1414
1417
1420
1423
1426
1429
1432
1435
1438
1441
1444
1447
1450
1453
1456
1459
1462
1465
1468
1471
1474
1477
1480
1483
1486
1489
1492
1495
1498
1000000
999997
999994
999991
999988
999985
999982
999979
999976
999973
999970
999967
999964
999961
999958
999955
999952
999949
999946
999943
999940
999937
999934
999931
999928
999925
999922
999919
999916
999913
999910
999907
999904
999901
999898
999895
999892
999889
999886
999883
999880
999877
999874
999871
999868
999865
999862
999859
999856
999853
999850
999847
999844
999841
999838
999835
999832
999829
999826
999823
999820
999817
999814
999811
999808
999805
999802
999799
999796
999793
999790
999787
999784
999781
999778
999775
999772
999769
999766
999763
999760
999757
999754
999751
999748
999745
999742
999739
999736
999733
999730
999727
999724
999721
999718
999715
999712
999709
999706
999703
999700
999697
999694
999691
999688
999685
999682
999679
999676
999673
999670
999667
999664
999661
999658
999655
999652
999649
999646
999643
999640
999637
999634
999631
999628
999625
999622
999619
999616
999613
999610
999607
999604
999601
999598
999595
999592
999589
999586
999583
999580
999577
999574
999571
999568
999565
999562
999559
999556
999553
999550
999547
999544
999541
999538
999535
999532
999529
999526
999523
999520
999517
999514
999511
999508
999505
999502
999499
999496
999493
999490
999487
999484
999481
999478
999475
999472
999469
999466
999463
999460
999457
999454
999451
999448
999445
999442
999439
999436
999433
999430
999427
999424
999421
999418
999415
999412
999409
999406
999403
999400
999397
999394
999391
999388
999385
999382
999379
999376
999373
999370
999367
999364
999361
999358
999355
999352
999349
999346
999343
999340
999337
999334
999331
999328
999325
999322
999319
999316
999313
999310
999307
999304
999301
999298
999295
999292
999289
999286
999283
999280
999277
999274
999271
999268
999265
999262
999259
999256
999253
999250
999247
999244
999241
999238
999235
999232
999229
999226
999223
999220
999217
999214
999211
999208
999205
999202
999199
999196
999193
999190
999187
999184
999181
999178
999175
999172
999169
999166
999163
999160
999157
999154
999151
999148
999145
999142
999139
999136
999133
999130
999127
999124
999121
999118
999115
999112
999109
999106
999103
999100
999097
999094
999091
999088
999085
999082
999079
999076
999073
999070
999067
999064
999061
999058
999055
999052
999049
999046
999043
999040
999037
999034
999031
999028
999025
999022
999019
999016
999013
999010
999007
999004
999001
998998
998995
998992
998989
998986
998983
998980
998977
998974
998971
998968
998965
998962
998959
998956
998953
998950
998947
998944
998941
998938
998935
998932
998929
998926
998923
998920
998917
998914
998911
998908
998905
998902
998899
998896
998893
998890
998887
998884
998881
998878
998875
998872
998869
998866
998863
998860
998857
998854
998851
998848
998845
998842
998839
998836
998833
998830
998827
998824
998821
998818
998815
998812
998809
998806
998803
998800
998797
998794
998791
998788
998785
998782
998779
998776
998773
998770
998767
998764
998761
998758
998755
998752
998749
998746
998743
998740
998737
998734
998731
998728
998725
998722
998719
998716
998713
998710
998707
998704
998701
998698
998695
998692
998689
998686
998683
998680
998677
998674
998671
998668
998665
998662
998659
998656
998653
998650
998647
998644
998641
998638
998635
998632
998629
998626
998623
998620
998617
998614
998611
998608
998605
998602
998599
998596
998593
998590
998587
998584
998581
998578
998575
998572
998569
998566
998563
998560
998557
998554
998551
998548
998545
998542
998539
998536
998533
998530
998527
998524
998521
998518
998515
998512
998509
998506
998503
